source\\dest,10,15,19,690,699,710,719,760,769,910,919,980,989,1449,2225
10,0,1301.4,625.1,5.9,34.1,75.0,269.0,38.2,79.5,77.7,116.4,263.5,321.9,1.6,38.0
15,1044.6,0,1181.9,144.0,98.4,302.9,753.3,95.6,179.8,308.0,369.3,693.8,789.1,0.0,196.7
19,706.7,1626.1,0,41.0,16.1,137.2,408.0,11.9,45.0,140.8,187.7,388.5,459.8,8.1,80.3
690,61.2,177.8,14.0,0,138.8,11.5,14.1,138.6,257.8,446.2,533.8,143.0,188.0,0.8,294.4
699,55.6,113.8,52.9,124.9,0,25.9,45.6,78.5,156.8,301.2,369.1,82.6,116.8,24.1,193.2
710,142.4,706.4,178.5,6.1,48.3,0,219.1,21.4,1.8,64.4,95.6,214.2,261.2,10.0,32.0
719,43.3,328.7,59.2,23.3,35.9,15.1,0,25.1,36.2,16.4,32.4,85.8,110.2,5.7,4.1
760,2.9,194.3,117.7,227.5,157.2,4.0,16.2,0,2.1,73.3,108.3,160.1,210.0,19.7,37.9
769,63.9,158.9,3.9,184.5,125.4,5.5,8.4,33.5,0,56.4,86.6,127.6,170.4,14.4,27.6
910,156.7,589.7,188.5,766.3,601.6,76.8,219.2,130.3,227.4,0,2563.7,612.8,696.9,302.7,1798.4
919,96.0,483.6,120.8,618.6,475.8,42.9,153.9,81.1,152.6,2220.1,0,484.0,563.3,269.8,1645.4
980,91.6,557.8,119.3,60.0,26.3,36.7,157.7,21.2,68.2,199.3,262.9,0,611.0,2.5,117.4
989,115.5,616.3,146.7,80.1,42.2,49.2,185.5,37.4,94.5,233.2,300.1,580.8,0,33.4,141.0
1449,17.4,21.9,13.9,19.2,4.0,10.2,37.3,20.0,1.0,373.0,404.6,3.0,17.9,0,1488.7
2225,68.4,371.7,87.3,489.8,374.6,30.0,114.9,60.8,116.8,1835.7,1951.1,377.1,441.0,1236.7,0